polygon(244
30
261
31
343
32
352
33
348
34
316
35
310
36
313
37
313
38
310
39
313
40
312
41
313
42
313
43
313
44
313
45
314
46
313
47
314
48
314
49
314
50
315
51
315
52
315
53
315
54
313
55
316
56
315
57
315
58
315
59
316
60
314
61
314
62
316
63
315
64
316
65
316
66
317
67
324
68
316
69
316
70
317
71
316
72
316
73
316
74
324
75
316
76
316
77
317
78
316
79
317
80
314
81
317
82
315
83
323
84
316
85
316
86
316
87
316
88
324
89
316
90
316
91
316
92
316
93
316
94
316
95
324
96
316
97
316
98
317
99
316
100
323
101
316
102
316
103
316
104
316
105
315
106
314
107
315
108
315
109
323
110
315
111
315
112
315
113
316
114
314
115
323
116
315
117
323
118
315
119
315
120
315
121
316
122
315
123
315
124
314
125
316
126
315
127
316
128
302
129
314
130
315
131
313
132
323
133
315
134
314
135
315
136
315
137
316
138
316
139
315
140
316
141
316
142
315
143
317
144
316
145
315
146
316
147
302
148
315
149
316
150
314
151
316
152
317
153
315
154
302
155
317
156
316
157
302
158
316
159
322
160
316
161
314
162
315
163
315
164
316
165
313
166
315
167
315
168
315
169
315
170
315
171
315
172
316
173
316
174
315
175
315
176
315
177
315
178
314
179
315
180
314
181
314
182
315
183
315
184
315
185
314
186
315
187
316
188
315
189
314
190
315
191
315
192
315
193
314
194
315
195
314
196
314
197
315
198
315
199
315
200
314
201
315
202
316
203
314
204
314
205
313
206
313
207
315
208
313
209
315
210
314
211
315
212
316
213
316
214
314
215
314
216
316
217
315
218
315
219
315
220
315
221
314
222
315
223
315
224
314
225
314
226
315
227
314
228
313
229
313
230
314
231
316
232
314
233
314
234
314
235
313
236
314
237
313
238
314
239
313
240
320
241
314
242
313
243
312
244
312
245
313
246
312
247
312
248
313
249
312
250
312
251
312
252
311
253
318
254
311
255
319
256
311
257
312
258
310
259
310
260
309
261
308
262
308
263
308
264
307
265
307
266
306
267
304
268
310
269
320
270
249
271
250
271
322
270
310
269
306
268
306
267
307
266
307
265
309
264
308
263
308
262
309
261
310
260
310
259
312
258
317
257
310
256
311
255
311
254
311
253
312
252
312
251
313
250
311
249
314
248
313
247
312
246
312
245
313
244
312
243
312
242
313
241
313
240
316
239
313
238
314
237
323
236
315
235
314
234
314
233
316
232
315
231
315
230
315
229
315
228
315
227
316
226
317
225
316
224
316
223
317
222
316
221
315
220
317
219
315
218
316
217
316
216
314
215
315
214
317
213
316
212
316
211
316
210
315
209
315
208
315
207
315
206
315
205
315
204
315
203
314
202
316
201
314
200
314
199
315
198
316
197
314
196
315
195
316
194
316
193
317
192
316
191
315
190
317
189
315
188
316
187
316
186
317
185
316
184
315
183
317
182
315
181
316
180
316
179
314
178
315
177
315
176
314
175
314
174
315
173
315
172
314
171
314
170
315
169
315
168
314
167
313
166
316
165
314
164
322
163
315
162
316
161
324
160
324
159
317
158
323
157
323
156
316
155
316
154
323
153
314
152
149
151
321
150
315
149
316
148
314
147
315
146
315
145
315
144
315
143
315
142
315
141
316
140
314
139
315
138
316
137
314
136
314
135
314
134
315
133
315
132
315
131
315
130
316
129
315
128
315
127
315
126
315
125
316
124
315
123
315
122
315
121
315
120
315
119
315
118
315
117
315
116
315
115
315
114
315
113
316
112
316
111
314
110
315
109
316
108
316
107
314
106
316
105
323
104
316
103
323
102
314
101
317
100
315
99
323
98
316
97
317
96
323
95
316
94
317
93
315
92
317
91
316
90
324
89
324
88
316
87
317
86
314
85
315
84
317
83
317
82
323
81
316
80
317
79
317
78
317
77
316
76
324
75
324
74
316
73
317
72
317
71
315
70
323
69
316
68
325
67
317
66
316
65
315
64
317
63
316
62
317
61
316
60
316
59
315
58
315
57
315
56
315
55
316
54
314
53
316
52
314
51
316
50
314
49
314
48
314
47
313
46
314
45
312
44
314
43
312
42
313
41
313
40
312
39
313
38
318
37
311
36
314
35
349
34
358
33
349
32
256
31
244
30)
